NZ_CP011416.1	1	5000	0
NZ_CP011416.1	5001	10000	0
NZ_CP011416.1	10001	15000	0
NZ_CP011416.1	15001	20000	0
NZ_CP011416.1	20001	25000	2
NZ_CP011416.1	25001	30000	1
NZ_CP011416.1	30001	35000	1
NZ_CP011416.1	35001	40000	2
NZ_CP011416.1	40001	45000	2
NZ_CP011416.1	45001	50000	2
NZ_CP011416.1	50001	55000	3
NZ_CP011416.1	55001	60000	3
NZ_CP011416.1	60001	65000	2
NZ_CP011416.1	65001	70000	1
NZ_CP011416.1	70001	75000	3
NZ_CP011416.1	75001	80000	2
NZ_CP011416.1	80001	85000	0
NZ_CP011416.1	85001	90000	0
NZ_CP011416.1	90001	95000	1
NZ_CP011416.1	95001	100000	0
NZ_CP011416.1	100001	105000	0
NZ_CP011416.1	105001	110000	0
NZ_CP011416.1	110001	115000	0
NZ_CP011416.1	115001	120000	1
NZ_CP011416.1	120001	125000	1
NZ_CP011416.1	125001	130000	2
NZ_CP011416.1	130001	135000	2
NZ_CP011416.1	135001	140000	0
NZ_CP011416.1	140001	145000	2
NZ_CP011416.1	145001	150000	2
NZ_CP011416.1	150001	155000	3
NZ_CP011416.1	155001	160000	3
NZ_CP011416.1	160001	165000	0
NZ_CP011416.1	165001	170000	1
NZ_CP011416.1	170001	175000	1
NZ_CP011416.1	175001	180000	0
NZ_CP011416.1	180001	185000	0
NZ_CP011416.1	185001	190000	0
NZ_CP011416.1	190001	195000	1
NZ_CP011416.1	195001	200000	3
NZ_CP011416.1	200001	205000	1
NZ_CP011416.1	205001	210000	1
NZ_CP011416.1	210001	215000	1
NZ_CP011416.1	215001	220000	2
NZ_CP011416.1	220001	225000	2
NZ_CP011416.1	225001	230000	1
NZ_CP011416.1	230001	235000	0
NZ_CP011416.1	235001	240000	3
NZ_CP011416.1	240001	245000	2
NZ_CP011416.1	245001	250000	0
NZ_CP011416.1	250001	255000	0
NZ_CP011416.1	255001	260000	1
NZ_CP011416.1	260001	265000	3
NZ_CP011416.1	265001	270000	1
NZ_CP011416.1	270001	275000	0
NZ_CP011416.1	275001	280000	1
NZ_CP011416.1	280001	285000	2
NZ_CP011416.1	285001	290000	3
NZ_CP011416.1	290001	295000	4
NZ_CP011416.1	295001	300000	2
NZ_CP011416.1	300001	305000	1
NZ_CP011416.1	305001	310000	4
NZ_CP011416.1	310001	315000	2
NZ_CP011416.1	315001	320000	1
NZ_CP011416.1	320001	325000	2
NZ_CP011416.1	325001	330000	2
NZ_CP011416.1	330001	335000	1
NZ_CP011416.1	335001	340000	1
NZ_CP011416.1	340001	345000	1
NZ_CP011416.1	345001	350000	1
NZ_CP011416.1	350001	355000	1
NZ_CP011416.1	355001	360000	1
NZ_CP011416.1	360001	365000	1
NZ_CP011416.1	365001	370000	0
NZ_CP011416.1	370001	375000	0
NZ_CP011416.1	375001	380000	0
NZ_CP011416.1	380001	385000	0
NZ_CP011416.1	385001	390000	0
NZ_CP011416.1	390001	395000	1
NZ_CP011416.1	395001	400000	1
NZ_CP011416.1	400001	405000	1
NZ_CP011416.1	405001	410000	2
NZ_CP011416.1	410001	415000	2
NZ_CP011416.1	415001	420000	2
NZ_CP011416.1	420001	425000	2
NZ_CP011416.1	425001	430000	1
NZ_CP011416.1	430001	435000	2
NZ_CP011416.1	435001	440000	1
NZ_CP011416.1	440001	445000	1
NZ_CP011416.1	445001	450000	1
NZ_CP011416.1	450001	455000	2
NZ_CP011416.1	455001	460000	2
NZ_CP011416.1	460001	465000	3
NZ_CP011416.1	465001	470000	2
NZ_CP011416.1	470001	475000	2
NZ_CP011416.1	475001	480000	1
NZ_CP011416.1	480001	485000	1
NZ_CP011416.1	485001	490000	3
NZ_CP011416.1	490001	495000	3
NZ_CP011416.1	495001	500000	3
NZ_CP011416.1	500001	505000	3
NZ_CP011416.1	505001	510000	2
NZ_CP011416.1	510001	515000	2
NZ_CP011416.1	515001	520000	1
NZ_CP011416.1	520001	525000	1
NZ_CP011416.1	525001	530000	3
NZ_CP011416.1	530001	535000	2
NZ_CP011416.1	535001	540000	0
NZ_CP011416.1	540001	545000	1
NZ_CP011416.1	545001	550000	0
NZ_CP011416.1	550001	555000	1
NZ_CP011416.1	555001	560000	0
NZ_CP011416.1	560001	565000	1
NZ_CP011416.1	565001	570000	2
NZ_CP011416.1	570001	575000	1
NZ_CP011416.1	575001	580000	3
NZ_CP011416.1	580001	585000	1
NZ_CP011416.1	585001	590000	2
NZ_CP011416.1	590001	595000	3
NZ_CP011416.1	595001	600000	2
NZ_CP011416.1	600001	605000	1
NZ_CP011416.1	605001	610000	1
NZ_CP011416.1	610001	615000	0
NZ_CP011416.1	615001	620000	0
NZ_CP011416.1	620001	625000	0
NZ_CP011416.1	625001	630000	3
NZ_CP011416.1	630001	635000	2
NZ_CP011416.1	635001	640000	2
NZ_CP011416.1	640001	645000	2
NZ_CP011416.1	645001	650000	3
NZ_CP011416.1	650001	655000	0
NZ_CP011416.1	655001	660000	3
NZ_CP011416.1	660001	665000	2
NZ_CP011416.1	665001	670000	1
NZ_CP011416.1	670001	675000	1
NZ_CP011416.1	675001	680000	0
NZ_CP011416.1	680001	685000	2
NZ_CP011416.1	685001	690000	2
NZ_CP011416.1	690001	695000	1
NZ_CP011416.1	695001	700000	1
NZ_CP011416.1	700001	705000	3
NZ_CP011416.1	705001	710000	1
NZ_CP011416.1	710001	715000	0
NZ_CP011416.1	715001	720000	2
NZ_CP011416.1	720001	725000	2
NZ_CP011416.1	725001	730000	3
NZ_CP011416.1	730001	735000	5
NZ_CP011416.1	735001	740000	3
NZ_CP011416.1	740001	745000	1
NZ_CP011416.1	745001	750000	1
NZ_CP011416.1	750001	755000	1
NZ_CP011416.1	755001	760000	1
NZ_CP011416.1	760001	765000	2
NZ_CP011416.1	765001	770000	3
NZ_CP011416.1	770001	775000	2
NZ_CP011416.1	775001	780000	3
NZ_CP011416.1	780001	785000	2
NZ_CP011416.1	785001	790000	1
NZ_CP011416.1	790001	795000	3
NZ_CP011416.1	795001	800000	3
NZ_CP011416.1	800001	805000	2
NZ_CP011416.1	805001	810000	2
NZ_CP011416.1	810001	815000	2
NZ_CP011416.1	815001	820000	1
NZ_CP011416.1	820001	825000	1
NZ_CP011416.1	825001	830000	1
NZ_CP011416.1	830001	835000	2
NZ_CP011416.1	835001	840000	1
NZ_CP011416.1	840001	845000	1
NZ_CP011416.1	845001	850000	2
NZ_CP011416.1	850001	855000	0
NZ_CP011416.1	855001	860000	3
NZ_CP011416.1	860001	865000	1
NZ_CP011416.1	865001	870000	1
NZ_CP011416.1	870001	875000	0
NZ_CP011416.1	875001	880000	2
NZ_CP011416.1	880001	885000	3
NZ_CP011416.1	885001	890000	2
NZ_CP011416.1	890001	895000	2
NZ_CP011416.1	895001	900000	3
NZ_CP011416.1	900001	905000	2
NZ_CP011416.1	905001	910000	3
NZ_CP011416.1	910001	915000	2
NZ_CP011416.1	915001	920000	2
NZ_CP011416.1	920001	925000	2
NZ_CP011416.1	925001	930000	2
NZ_CP011416.1	930001	935000	1
NZ_CP011416.1	935001	940000	0
NZ_CP011416.1	940001	945000	1
NZ_CP011416.1	945001	950000	3
NZ_CP011416.1	950001	955000	2
NZ_CP011416.1	955001	960000	1
NZ_CP011416.1	960001	965000	2
NZ_CP011416.1	965001	970000	2
NZ_CP011416.1	970001	975000	2
NZ_CP011416.1	975001	980000	3
NZ_CP011416.1	980001	985000	2
NZ_CP011416.1	985001	990000	1
NZ_CP011416.1	990001	995000	2
NZ_CP011416.1	995001	1000000	2
NZ_CP011416.1	1000001	1005000	2
NZ_CP011416.1	1005001	1010000	2
NZ_CP011416.1	1010001	1015000	3
NZ_CP011416.1	1015001	1020000	2
NZ_CP011416.1	1020001	1025000	3
NZ_CP011416.1	1025001	1030000	3
NZ_CP011416.1	1030001	1035000	2
NZ_CP011416.1	1035001	1040000	2
NZ_CP011416.1	1040001	1045000	3
NZ_CP011416.1	1045001	1050000	2
NZ_CP011416.1	1050001	1055000	2
NZ_CP011416.1	1055001	1060000	2
NZ_CP011416.1	1060001	1065000	2
NZ_CP011416.1	1065001	1070000	1
NZ_CP011416.1	1070001	1075000	0
NZ_CP011416.1	1075001	1080000	1
NZ_CP011416.1	1080001	1085000	2
NZ_CP011416.1	1085001	1090000	3
NZ_CP011416.1	1090001	1095000	2
NZ_CP011416.1	1095001	1100000	1
NZ_CP011416.1	1100001	1105000	3
NZ_CP011416.1	1105001	1110000	2
NZ_CP011416.1	1110001	1115000	1
NZ_CP011416.1	1115001	1120000	2
NZ_CP011416.1	1120001	1125000	3
NZ_CP011416.1	1125001	1130000	0
NZ_CP011416.1	1130001	1135000	4
NZ_CP011416.1	1135001	1140000	0
NZ_CP011416.1	1140001	1145000	3
NZ_CP011416.1	1145001	1150000	2
NZ_CP011416.1	1150001	1155000	0
NZ_CP011416.1	1155001	1160000	2
NZ_CP011416.1	1160001	1165000	0
NZ_CP011416.1	1165001	1170000	2
NZ_CP011416.1	1170001	1175000	2
NZ_CP011416.1	1175001	1180000	4
NZ_CP011416.1	1180001	1185000	1
NZ_CP011416.1	1185001	1190000	0
NZ_CP011416.1	1190001	1195000	0
NZ_CP011416.1	1195001	1200000	1
NZ_CP011416.1	1200001	1205000	1
NZ_CP011416.1	1205001	1210000	2
NZ_CP011416.1	1210001	1215000	2
NZ_CP011416.1	1215001	1220000	4
NZ_CP011416.1	1220001	1225000	1
NZ_CP011416.1	1225001	1230000	3
NZ_CP011416.1	1230001	1235000	2
NZ_CP011416.1	1235001	1240000	1
NZ_CP011416.1	1240001	1245000	1
NZ_CP011416.1	1245001	1250000	2
NZ_CP011416.1	1250001	1255000	0
NZ_CP011416.1	1255001	1260000	2
NZ_CP011416.1	1260001	1265000	3
NZ_CP011416.1	1265001	1270000	3
NZ_CP011416.1	1270001	1275000	3
NZ_CP011416.1	1275001	1280000	1
NZ_CP011416.1	1280001	1285000	0
NZ_CP011416.1	1285001	1290000	2
NZ_CP011416.1	1290001	1295000	2
NZ_CP011416.1	1295001	1300000	2
NZ_CP011416.1	1300001	1305000	3
NZ_CP011416.1	1305001	1310000	1
NZ_CP011416.1	1310001	1315000	1
NZ_CP011416.1	1315001	1320000	2
NZ_CP011416.1	1320001	1325000	2
NZ_CP011416.1	1325001	1330000	1
NZ_CP011416.1	1330001	1335000	1
NZ_CP011416.1	1335001	1340000	0
NZ_CP011416.1	1340001	1345000	0
NZ_CP011416.1	1345001	1350000	1
NZ_CP011416.1	1350001	1355000	1
NZ_CP011416.1	1355001	1360000	1
NZ_CP011416.1	1360001	1365000	2
NZ_CP011416.1	1365001	1370000	2
NZ_CP011416.1	1370001	1375000	2
NZ_CP011416.1	1375001	1380000	2
NZ_CP011416.1	1380001	1385000	2
NZ_CP011416.1	1385001	1390000	2
NZ_CP011416.1	1390001	1395000	4
NZ_CP011416.1	1395001	1400000	1
NZ_CP011416.1	1400001	1405000	2
NZ_CP011416.1	1405001	1410000	2
NZ_CP011416.1	1410001	1415000	2
NZ_CP011416.1	1415001	1420000	0
NZ_CP011416.1	1420001	1425000	0
NZ_CP011416.1	1425001	1430000	1
NZ_CP011416.1	1430001	1435000	3
NZ_CP011416.1	1435001	1440000	2
NZ_CP011416.1	1440001	1445000	0
NZ_CP011416.1	1445001	1450000	1
NZ_CP011416.1	1450001	1455000	3
NZ_CP011416.1	1455001	1460000	2
NZ_CP011416.1	1460001	1465000	2
NZ_CP011416.1	1465001	1470000	3
NZ_CP011416.1	1470001	1475000	2
NZ_CP011416.1	1475001	1480000	1
NZ_CP011416.1	1480001	1485000	0
NZ_CP011416.1	1485001	1490000	1
NZ_CP011416.1	1490001	1495000	1
NZ_CP011416.1	1495001	1500000	1
NZ_CP011416.1	1500001	1505000	3
NZ_CP011416.1	1505001	1510000	3
NZ_CP011416.1	1510001	1515000	1
NZ_CP011416.1	1515001	1520000	1
NZ_CP011416.1	1520001	1525000	2
NZ_CP011416.1	1525001	1530000	1
NZ_CP011416.1	1530001	1535000	0
NZ_CP011416.1	1535001	1540000	2
NZ_CP011416.1	1540001	1545000	3
NZ_CP011416.1	1545001	1550000	3
NZ_CP011416.1	1550001	1555000	2
NZ_CP011416.1	1555001	1560000	2
NZ_CP011416.1	1560001	1565000	3
NZ_CP011416.1	1565001	1570000	2
NZ_CP011416.1	1570001	1575000	2
NZ_CP011416.1	1575001	1580000	2
NZ_CP011416.1	1580001	1585000	0
NZ_CP011416.1	1585001	1590000	0
NZ_CP011416.1	1590001	1595000	2
NZ_CP011416.1	1595001	1600000	0
NZ_CP011416.1	1600001	1605000	2
NZ_CP011416.1	1605001	1610000	2
NZ_CP011416.1	1610001	1615000	2
NZ_CP011416.1	1615001	1620000	3
NZ_CP011416.1	1620001	1625000	3
NZ_CP011416.1	1625001	1630000	2
NZ_CP011416.1	1630001	1635000	2
NZ_CP011416.1	1635001	1640000	3
NZ_CP011416.1	1640001	1645000	2
NZ_CP011416.1	1645001	1650000	1
NZ_CP011416.1	1650001	1655000	0
NZ_CP011416.1	1655001	1660000	1
NZ_CP011416.1	1660001	1665000	1
NZ_CP011416.1	1665001	1670000	2
NZ_CP011416.1	1670001	1675000	2
NZ_CP011416.1	1675001	1680000	0
NZ_CP011416.1	1680001	1685000	0
NZ_CP011416.1	1685001	1690000	1
NZ_CP011416.1	1690001	1695000	1
NZ_CP011416.1	1695001	1700000	0
NZ_CP011416.1	1700001	1705000	2
NZ_CP011416.1	1705001	1710000	3
NZ_CP011416.1	1710001	1715000	2
NZ_CP011416.1	1715001	1720000	2
NZ_CP011416.1	1720001	1725000	2
NZ_CP011416.1	1725001	1730000	1
NZ_CP011416.1	1730001	1735000	0
NZ_CP011416.1	1735001	1740000	2
NZ_CP011416.1	1740001	1745000	2
NZ_CP011416.1	1745001	1750000	2
NZ_CP011416.1	1750001	1755000	2
NZ_CP011416.1	1755001	1760000	2
NZ_CP011416.1	1760001	1765000	2
NZ_CP011416.1	1765001	1770000	2
NZ_CP011416.1	1770001	1775000	1
NZ_CP011416.1	1775001	1780000	1
NZ_CP011416.1	1780001	1785000	1
NZ_CP011416.1	1785001	1790000	1
NZ_CP011416.1	1790001	1795000	3
NZ_CP011416.1	1795001	1800000	1
NZ_CP011416.1	1800001	1805000	1
NZ_CP011416.1	1805001	1810000	2
NZ_CP011416.1	1810001	1815000	1
NZ_CP011416.1	1815001	1820000	1
NZ_CP011416.1	1820001	1825000	2
NZ_CP011416.1	1825001	1830000	2
NZ_CP011416.1	1830001	1835000	2
NZ_CP011416.1	1835001	1840000	2
NZ_CP011416.1	1840001	1845000	2
NZ_CP011416.1	1845001	1850000	2
NZ_CP011416.1	1850001	1855000	2
NZ_CP011416.1	1855001	1860000	2
NZ_CP011416.1	1860001	1865000	0
NZ_CP011416.1	1865001	1870000	0
NZ_CP011416.1	1870001	1875000	2
NZ_CP011416.1	1875001	1880000	0
NZ_CP011416.1	1880001	1885000	2
NZ_CP011416.1	1885001	1890000	2
NZ_CP011416.1	1890001	1895000	3
NZ_CP011416.1	1895001	1900000	1
NZ_CP011416.1	1900001	1905000	3
NZ_CP011416.1	1905001	1910000	1
NZ_CP011416.1	1910001	1915000	2
NZ_CP011416.1	1915001	1920000	0
NZ_CP011416.1	1920001	1925000	3
NZ_CP011416.1	1925001	1930000	2
NZ_CP011416.1	1930001	1935000	3
NZ_CP011416.1	1935001	1940000	2
NZ_CP011416.1	1940001	1945000	2
NZ_CP011416.1	1945001	1950000	1
NZ_CP011416.1	1950001	1955000	1
NZ_CP011416.1	1955001	1960000	1
NZ_CP011416.1	1960001	1965000	2
NZ_CP011416.1	1965001	1970000	2
NZ_CP011416.1	1970001	1975000	2
NZ_CP011416.1	1975001	1980000	1
NZ_CP011416.1	1980001	1985000	0
NZ_CP011416.1	1985001	1990000	1
NZ_CP011416.1	1990001	1995000	1
NZ_CP011416.1	1995001	2000000	0
NZ_CP011416.1	2000001	2005000	2
NZ_CP011416.1	2005001	2010000	2
NZ_CP011416.1	2010001	2015000	2
NZ_CP011416.1	2015001	2020000	2
NZ_CP011416.1	2020001	2025000	1
NZ_CP011416.1	2025001	2030000	2
NZ_CP011416.1	2030001	2035000	3
NZ_CP011416.1	2035001	2040000	3
NZ_CP011416.1	2040001	2045000	1
NZ_CP011416.1	2045001	2050000	2
NZ_CP011416.1	2050001	2055000	1
NZ_CP011416.1	2055001	2060000	0
NZ_CP011416.1	2060001	2065000	3
NZ_CP011416.1	2065001	2070000	1
NZ_CP011416.1	2070001	2075000	2
NZ_CP011416.1	2075001	2080000	2
NZ_CP011416.1	2080001	2085000	2
NZ_CP011416.1	2085001	2090000	3
NZ_CP011416.1	2090001	2095000	1
NZ_CP011416.1	2095001	2100000	1
NZ_CP011416.1	2100001	2105000	2
NZ_CP011416.1	2105001	2110000	1
NZ_CP011416.1	2110001	2115000	2
NZ_CP011416.1	2115001	2120000	3
NZ_CP011416.1	2120001	2125000	2
NZ_CP011416.1	2125001	2130000	2
NZ_CP011416.1	2130001	2135000	1
NZ_CP011416.1	2135001	2140000	1
NZ_CP011416.1	2140001	2145000	2
NZ_CP011416.1	2145001	2150000	0
NZ_CP011416.1	2150001	2155000	2
NZ_CP011416.1	2155001	2160000	2
NZ_CP011416.1	2160001	2165000	4
NZ_CP011416.1	2165001	2170000	1
NZ_CP011416.1	2170001	2175000	0
NZ_CP011416.1	2175001	2180000	1
NZ_CP011416.1	2180001	2185000	2
NZ_CP011416.1	2185001	2190000	2
NZ_CP011416.1	2190001	2195000	2
NZ_CP011416.1	2195001	2200000	2
NZ_CP011416.1	2200001	2205000	1
NZ_CP011416.1	2205001	2210000	1
NZ_CP011416.1	2210001	2215000	1
NZ_CP011416.1	2215001	2220000	1
NZ_CP011416.1	2220001	2225000	1
NZ_CP011416.1	2225001	2230000	3
NZ_CP011416.1	2230001	2235000	2
NZ_CP011416.1	2235001	2240000	3
NZ_CP011416.1	2240001	2245000	2
NZ_CP011416.1	2245001	2250000	2
NZ_CP011416.1	2250001	2255000	2
NZ_CP011416.1	2255001	2260000	2
NZ_CP011416.1	2260001	2265000	1
NZ_CP011416.1	2265001	2270000	0
NZ_CP011416.1	2270001	2275000	1
NZ_CP011416.1	2275001	2280000	1
NZ_CP011416.1	2280001	2285000	2
NZ_CP011416.1	2285001	2290000	3
NZ_CP011416.1	2290001	2295000	1
NZ_CP011416.1	2295001	2300000	2
NZ_CP011416.1	2300001	2305000	1
NZ_CP011416.1	2305001	2310000	1
NZ_CP011416.1	2310001	2315000	1
NZ_CP011416.1	2315001	2320000	2
NZ_CP011416.1	2320001	2325000	1
NZ_CP011416.1	2325001	2330000	2
NZ_CP011416.1	2330001	2335000	2
NZ_CP011416.1	2335001	2340000	2
NZ_CP011416.1	2340001	2345000	4
NZ_CP011416.1	2345001	2350000	2
NZ_CP011416.1	2350001	2355000	2
NZ_CP011416.1	2355001	2360000	2
NZ_CP011416.1	2360001	2365000	1
NZ_CP011416.1	2365001	2370000	2
NZ_CP011416.1	2370001	2375000	2
NZ_CP011416.1	2375001	2380000	2
NZ_CP011416.1	2380001	2385000	3
NZ_CP011416.1	2385001	2390000	2
NZ_CP011416.1	2390001	2395000	3
NZ_CP011416.1	2395001	2400000	2
NZ_CP011416.1	2400001	2405000	1
NZ_CP011416.1	2405001	2410000	1
NZ_CP011416.1	2410001	2415000	2
NZ_CP011416.1	2415001	2420000	0
NZ_CP011416.1	2420001	2425000	0
NZ_CP011416.1	2425001	2430000	2
NZ_CP011416.1	2430001	2435000	0
NZ_CP011416.1	2435001	2440000	2
NZ_CP011416.1	2440001	2445000	2
NZ_CP011416.1	2445001	2450000	0
NZ_CP011416.1	2450001	2455000	2
NZ_CP011416.1	2455001	2460000	2
NZ_CP011416.1	2460001	2465000	3
NZ_CP011416.1	2465001	2470000	2
NZ_CP011416.1	2470001	2475000	1
NZ_CP011416.1	2475001	2480000	1
NZ_CP011416.1	2480001	2485000	2
NZ_CP011416.1	2485001	2490000	1
NZ_CP011416.1	2490001	2495000	1
NZ_CP011416.1	2495001	2500000	1
NZ_CP011416.1	2500001	2505000	3
NZ_CP011416.1	2505001	2510000	2
NZ_CP011416.1	2510001	2515000	1
NZ_CP011416.1	2515001	2520000	2
NZ_CP011416.1	2520001	2525000	3
NZ_CP011416.1	2525001	2530000	2
NZ_CP011416.1	2530001	2535000	2
NZ_CP011416.1	2535001	2540000	2
NZ_CP011416.1	2540001	2545000	1
NZ_CP011416.1	2545001	2550000	1
NZ_CP011416.1	2550001	2555000	2
NZ_CP011416.1	2555001	2560000	1
NZ_CP011416.1	2560001	2565000	2
NZ_CP011416.1	2565001	2570000	3
NZ_CP011416.1	2570001	2575000	2
NZ_CP011416.1	2575001	2580000	1
NZ_CP011416.1	2580001	2585000	1
NZ_CP011416.1	2585001	2590000	2
NZ_CP011416.1	2590001	2595000	2
NZ_CP011416.1	2595001	2600000	3
NZ_CP011416.1	2600001	2605000	1
NZ_CP011416.1	2605001	2610000	1
NZ_CP011416.1	2610001	2615000	2
NZ_CP011416.1	2615001	2620000	2
NZ_CP011416.1	2620001	2625000	2
NZ_CP011416.1	2625001	2630000	3
NZ_CP011416.1	2630001	2635000	0
NZ_CP011416.1	2635001	2640000	2
NZ_CP011416.1	2640001	2645000	2
NZ_CP011416.1	2645001	2650000	2
NZ_CP011416.1	2650001	2655000	2
NZ_CP011416.1	2655001	2660000	1
NZ_CP011416.1	2660001	2665000	1
NZ_CP011416.1	2665001	2670000	3
NZ_CP011416.1	2670001	2675000	2
NZ_CP011416.1	2675001	2680000	2
NZ_CP011416.1	2680001	2685000	0
NZ_CP011416.1	2685001	2690000	3
NZ_CP011416.1	2690001	2695000	2
NZ_CP011416.1	2695001	2700000	3
NZ_CP011416.1	2700001	2705000	0
NZ_CP011416.1	2705001	2710000	2
NZ_CP011416.1	2710001	2715000	2
NZ_CP011416.1	2715001	2720000	0
NZ_CP011416.1	2720001	2725000	3
NZ_CP011416.1	2725001	2730000	2
NZ_CP011416.1	2730001	2735000	2
NZ_CP011416.1	2735001	2740000	2
NZ_CP011416.1	2740001	2745000	2
NZ_CP011416.1	2745001	2750000	1
NZ_CP011416.1	2750001	2755000	0
NZ_CP011416.1	2755001	2760000	0
NZ_CP011416.1	2760001	2765000	2
NZ_CP011416.1	2765001	2770000	2
NZ_CP011416.1	2770001	2775000	2
NZ_CP011416.1	2775001	2780000	2
NZ_CP011416.1	2780001	2785000	2
NZ_CP011416.1	2785001	2790000	1
NZ_CP011416.1	2790001	2795000	3
NZ_CP011416.1	2795001	2800000	2
NZ_CP011416.1	2800001	2805000	1
NZ_CP011416.1	2805001	2810000	1
NZ_CP011416.1	2810001	2815000	2
NZ_CP011416.1	2815001	2820000	2
NZ_CP011416.1	2820001	2825000	3
NZ_CP011416.1	2825001	2830000	3
NZ_CP011416.1	2830001	2835000	2
NZ_CP011416.1	2835001	2840000	1
NZ_CP011416.1	2840001	2845000	2
NZ_CP011416.1	2845001	2850000	0
NZ_CP011416.1	2850001	2855000	3
NZ_CP011416.1	2855001	2860000	1
NZ_CP011416.1	2860001	2865000	2
NZ_CP011416.1	2865001	2870000	2
NZ_CP011416.1	2870001	2875000	1
NZ_CP011416.1	2875001	2880000	1
NZ_CP011416.1	2880001	2885000	2
NZ_CP011416.1	2885001	2890000	3
NZ_CP011416.1	2890001	2895000	3
NZ_CP011416.1	2895001	2900000	4
NZ_CP011416.1	2900001	2905000	4
NZ_CP011416.1	2905001	2910000	2
NZ_CP011416.1	2910001	2915000	0
NZ_CP011416.1	2915001	2920000	2
NZ_CP011416.1	2920001	2925000	2
NZ_CP011416.1	2925001	2930000	2
NZ_CP011416.1	2930001	2935000	2
NZ_CP011416.1	2935001	2940000	1
NZ_CP011416.1	2940001	2945000	2
NZ_CP011416.1	2945001	2950000	3
NZ_CP011416.1	2950001	2955000	0
NZ_CP011416.1	2955001	2960000	0
NZ_CP011416.1	2960001	2965000	0
NZ_CP011416.1	2965001	2970000	2
NZ_CP011416.1	2970001	2975000	2
NZ_CP011416.1	2975001	2980000	3
NZ_CP011416.1	2980001	2985000	3
NZ_CP011416.1	2985001	2990000	3
NZ_CP011416.1	2990001	2995000	3
NZ_CP011416.1	2995001	3000000	3
NZ_CP011416.1	3000001	3005000	2
NZ_CP011416.1	3005001	3010000	1
NZ_CP011416.1	3010001	3015000	0
NZ_CP011416.1	3015001	3020000	2
NZ_CP011416.1	3020001	3025000	0
NZ_CP011416.1	3025001	3030000	3
NZ_CP011416.1	3030001	3035000	2
NZ_CP011416.1	3035001	3040000	2
NZ_CP011416.1	3040001	3045000	3
NZ_CP011416.1	3045001	3050000	0
NZ_CP011416.1	3050001	3055000	0
NZ_CP011416.1	3055001	3060000	0
NZ_CP011416.1	3060001	3065000	0
NZ_CP011416.1	3065001	3070000	3
NZ_CP011416.1	3070001	3075000	3
NZ_CP011416.1	3075001	3080000	2
NZ_CP011416.1	3080001	3085000	1
NZ_CP011416.1	3085001	3090000	1
NZ_CP011416.1	3090001	3095000	1
NZ_CP011416.1	3095001	3100000	0
NZ_CP011416.1	3100001	3105000	0
NZ_CP011416.1	3105001	3110000	1
NZ_CP011416.1	3110001	3115000	0
NZ_CP011416.1	3115001	3120000	1
NZ_CP011416.1	3120001	3125000	0
NZ_CP011416.1	3125001	3130000	1
NZ_CP011416.1	3130001	3135000	3
NZ_CP011416.1	3135001	3140000	1
NZ_CP011416.1	3140001	3145000	2
NZ_CP011416.1	3145001	3150000	3
NZ_CP011416.1	3150001	3155000	1
NZ_CP011416.1	3155001	3160000	1
NZ_CP011416.1	3160001	3165000	1
NZ_CP011416.1	3165001	3170000	2
NZ_CP011416.1	3170001	3175000	2
NZ_CP011416.1	3175001	3180000	1
NZ_CP011416.1	3180001	3185000	0
NZ_CP011416.1	3185001	3190000	1
NZ_CP011416.1	3190001	3195000	1
NZ_CP011416.1	3195001	3200000	2
NZ_CP011416.1	3200001	3205000	3
NZ_CP011416.1	3205001	3210000	1
NZ_CP011416.1	3210001	3215000	1
NZ_CP011416.1	3215001	3220000	2
NZ_CP011416.1	3220001	3225000	2
NZ_CP011416.1	3225001	3230000	2
NZ_CP011416.1	3230001	3235000	2
NZ_CP011416.1	3235001	3240000	2
NZ_CP011416.1	3240001	3245000	1
NZ_CP011416.1	3245001	3250000	3
NZ_CP011416.1	3250001	3255000	0
NZ_CP011416.1	3255001	3260000	1
NZ_CP011416.1	3260001	3265000	1
NZ_CP011416.1	3265001	3270000	0
NZ_CP011416.1	3270001	3275000	2
NZ_CP011416.1	3275001	3280000	3
NZ_CP011416.1	3280001	3285000	2
NZ_CP011416.1	3285001	3290000	3
NZ_CP011416.1	3290001	3295000	2
NZ_CP011416.1	3295001	3300000	3
NZ_CP011416.1	3300001	3305000	2
NZ_CP011416.1	3305001	3310000	1
NZ_CP011416.1	3310001	3315000	1
NZ_CP011416.1	3315001	3320000	1
NZ_CP011416.1	3320001	3325000	2
NZ_CP011416.1	3325001	3330000	3
NZ_CP011416.1	3330001	3335000	2
NZ_CP011416.1	3335001	3340000	3
NZ_CP011416.1	3340001	3345000	2
NZ_CP011416.1	3345001	3350000	3
NZ_CP011416.1	3350001	3355000	4
NZ_CP011416.1	3355001	3360000	1
NZ_CP011416.1	3360001	3365000	1
NZ_CP011416.1	3365001	3370000	2
NZ_CP011416.1	3370001	3375000	1
NZ_CP011416.1	3375001	3380000	2
NZ_CP011416.1	3380001	3385000	2
NZ_CP011416.1	3385001	3390000	2
NZ_CP011416.1	3390001	3395000	3
NZ_CP011416.1	3395001	3400000	3
NZ_CP011416.1	3400001	3405000	1
NZ_CP011416.1	3405001	3410000	1
NZ_CP011416.1	3410001	3415000	2
NZ_CP011416.1	3415001	3420000	2
NZ_CP011416.1	3420001	3425000	2
NZ_CP011416.1	3425001	3430000	0
NZ_CP011416.1	3430001	3435000	2
NZ_CP011416.1	3435001	3440000	1
NZ_CP011416.1	3440001	3445000	1
NZ_CP011416.1	3445001	3450000	0
NZ_CP011416.1	3450001	3455000	0
NZ_CP011416.1	3455001	3460000	0
NZ_CP011416.1	3460001	3465000	1
NZ_CP011416.1	3465001	3470000	3
NZ_CP011416.1	3470001	3475000	3
NZ_CP011416.1	3475001	3480000	1
NZ_CP011416.1	3480001	3485000	0
NZ_CP011416.1	3485001	3490000	2
NZ_CP011416.1	3490001	3495000	2
NZ_CP011416.1	3495001	3500000	2
NZ_CP011416.1	3500001	3505000	1
NZ_CP011416.1	3505001	3510000	1
NZ_CP011416.1	3510001	3515000	4
NZ_CP011416.1	3515001	3520000	0
NZ_CP011416.1	3520001	3525000	3
NZ_CP011416.1	3525001	3530000	3
NZ_CP011416.1	3530001	3535000	0
NZ_CP011416.1	3535001	3540000	2
NZ_CP011416.1	3540001	3545000	1
NZ_CP011416.1	3545001	3550000	0
NZ_CP011416.1	3550001	3555000	3
NZ_CP011416.1	3555001	3560000	3
NZ_CP011416.1	3560001	3565000	2
NZ_CP011416.1	3565001	3570000	3
NZ_CP011416.1	3570001	3575000	2
NZ_CP011416.1	3575001	3580000	4
NZ_CP011416.1	3580001	3585000	1
NZ_CP011416.1	3585001	3590000	1
NZ_CP011416.1	3590001	3595000	0
NZ_CP011416.1	3595001	3600000	2
NZ_CP011416.1	3600001	3605000	0
NZ_CP011416.1	3605001	3610000	2
NZ_CP011416.1	3610001	3615000	2
NZ_CP011416.1	3615001	3620000	3
NZ_CP011416.1	3620001	3625000	0
NZ_CP011416.1	3625001	3630000	0
NZ_CP011416.1	3630001	3635000	2
NZ_CP011416.1	3635001	3640000	1
NZ_CP011416.1	3640001	3645000	2
NZ_CP011416.1	3645001	3650000	3
NZ_CP011416.1	3650001	3655000	2
NZ_CP011416.1	3655001	3660000	0
NZ_CP011416.1	3660001	3665000	3
NZ_CP011416.1	3665001	3670000	2
NZ_CP011416.1	3670001	3675000	1
NZ_CP011416.1	3675001	3680000	0
NZ_CP011416.1	3680001	3685000	1
NZ_CP011416.1	3685001	3690000	2
NZ_CP011416.1	3690001	3695000	0
NZ_CP011416.1	3695001	3700000	0
NZ_CP011416.1	3700001	3705000	0
NZ_CP011416.1	3705001	3710000	1
NZ_CP011416.1	3710001	3715000	0
NZ_CP011416.1	3715001	3720000	0
NZ_CP011416.1	3720001	3725000	0
NZ_CP011416.1	3725001	3730000	0
NZ_CP011416.1	3730001	3735000	2
NZ_CP011416.1	3735001	3740000	2
NZ_CP011416.1	3740001	3745000	2
NZ_CP011416.1	3745001	3750000	3
NZ_CP011416.1	3750001	3755000	0
NZ_CP011416.1	3755001	3760000	2
NZ_CP011416.1	3760001	3765000	3
NZ_CP011416.1	3765001	3770000	3
NZ_CP011416.1	3770001	3775000	2
NZ_CP011416.1	3775001	3780000	2
NZ_CP011416.1	3780001	3785000	4
NZ_CP011416.1	3785001	3790000	2
NZ_CP011416.1	3790001	3795000	2
NZ_CP011416.1	3795001	3800000	2
NZ_CP011416.1	3800001	3805000	1
NZ_CP011416.1	3805001	3810000	2
NZ_CP011416.1	3810001	3815000	4
NZ_CP011416.1	3815001	3820000	2
NZ_CP011416.1	3820001	3825000	0
NZ_CP011416.1	3825001	3830000	2
NZ_CP011416.1	3830001	3835000	2
NZ_CP011416.1	3835001	3840000	2
NZ_CP011416.1	3840001	3845000	2
NZ_CP011416.1	3845001	3850000	1
NZ_CP011416.1	3850001	3855000	2
NZ_CP011416.1	3855001	3860000	3
NZ_CP011416.1	3860001	3865000	2
NZ_CP011416.1	3865001	3870000	2
NZ_CP011416.1	3870001	3875000	3
NZ_CP011416.1	3875001	3880000	1
NZ_CP011416.1	3880001	3885000	3
NZ_CP011416.1	3885001	3890000	2
NZ_CP011416.1	3890001	3895000	3
NZ_CP011416.1	3895001	3900000	2
NZ_CP011416.1	3900001	3905000	2
NZ_CP011416.1	3905001	3910000	3
NZ_CP011416.1	3910001	3915000	3
NZ_CP011416.1	3915001	3920000	3
NZ_CP011416.1	3920001	3925000	2
NZ_CP011416.1	3925001	3930000	2
NZ_CP011416.1	3930001	3935000	3
NZ_CP011416.1	3935001	3940000	0
NZ_CP011416.1	3940001	3945000	2
NZ_CP011416.1	3945001	3950000	2
NZ_CP011416.1	3950001	3955000	1
NZ_CP011416.1	3955001	3960000	2
NZ_CP011416.1	3960001	3965000	2
NZ_CP011416.1	3965001	3970000	2
NZ_CP011416.1	3970001	3975000	2
NZ_CP011416.1	3975001	3980000	2
NZ_CP011416.1	3980001	3985000	3
NZ_CP011416.1	3985001	3990000	2
NZ_CP011416.1	3990001	3995000	3
NZ_CP011416.1	3995001	4000000	3
NZ_CP011416.1	4000001	4005000	3
NZ_CP011416.1	4005001	4010000	2
NZ_CP011416.1	4010001	4015000	1
NZ_CP011416.1	4015001	4020000	0
NZ_CP011416.1	4020001	4025000	2
NZ_CP011416.1	4025001	4030000	1
NZ_CP011416.1	4030001	4035000	1
NZ_CP011416.1	4035001	4040000	2
NZ_CP011416.1	4040001	4045000	2
NZ_CP011416.1	4045001	4050000	2
NZ_CP011416.1	4050001	4055000	2
NZ_CP011416.1	4055001	4060000	2
NZ_CP011416.1	4060001	4065000	4
NZ_CP011416.1	4065001	4070000	2
NZ_CP011416.1	4070001	4075000	2
NZ_CP011416.1	4075001	4080000	2
NZ_CP011416.1	4080001	4085000	0
NZ_CP011416.1	4085001	4090000	2
NZ_CP011416.1	4090001	4095000	4
NZ_CP011416.1	4095001	4100000	2
NZ_CP011416.1	4100001	4105000	2
NZ_CP011416.1	4105001	4110000	2
NZ_CP011416.1	4110001	4115000	0
NZ_CP011416.1	4115001	4120000	1
NZ_CP011416.1	4120001	4125000	0
NZ_CP011416.1	4125001	4130000	0
NZ_CP011416.1	4130001	4135000	0
NZ_CP011416.1	4135001	4140000	0
NZ_CP011416.1	4140001	4145000	0
NZ_CP011416.1	4145001	4150000	0
NZ_CP011416.1	4150001	4155000	0
NZ_CP011416.1	4155001	4160000	1
NZ_CP011416.1	4160001	4165000	2
NZ_CP011416.1	4165001	4170000	3
NZ_CP011416.1	4170001	4175000	2
NZ_CP011416.1	4175001	4180000	2
NZ_CP011416.1	4180001	4185000	2
NZ_CP011416.1	4185001	4190000	2
NZ_CP011416.1	4190001	4195000	1
NZ_CP011416.1	4195001	4200000	3
NZ_CP011416.1	4200001	4205000	3
NZ_CP011416.1	4205001	4210000	3
NZ_CP011416.1	4210001	4215000	1
NZ_CP011416.1	4215001	4220000	2
NZ_CP011416.1	4220001	4225000	2
NZ_CP011416.1	4225001	4230000	1
NZ_CP011416.1	4230001	4235000	1
NZ_CP011416.1	4235001	4240000	3
NZ_CP011416.1	4240001	4245000	2
NZ_CP011416.1	4245001	4250000	2
NZ_CP011416.1	4250001	4255000	3
NZ_CP011416.1	4255001	4260000	1
NZ_CP011416.1	4260001	4265000	3
NZ_CP011416.1	4265001	4270000	2
NZ_CP011416.1	4270001	4275000	3
NZ_CP011416.1	4275001	4280000	2
NZ_CP011416.1	4280001	4285000	2
NZ_CP011416.1	4285001	4290000	3
NZ_CP011416.1	4290001	4295000	1
NZ_CP011416.1	4295001	4300000	1
NZ_CP011416.1	4300001	4305000	2
NZ_CP011416.1	4305001	4310000	3
NZ_CP011416.1	4310001	4315000	1
NZ_CP011416.1	4315001	4320000	0
NZ_CP011416.1	4320001	4325000	3
NZ_CP011416.1	4325001	4330000	2
NZ_CP011416.1	4330001	4335000	2
NZ_CP011416.1	4335001	4340000	2
NZ_CP011416.1	4340001	4345000	1
NZ_CP011416.1	4345001	4350000	1
NZ_CP011416.1	4350001	4355000	2
NZ_CP011416.1	4355001	4360000	3
NZ_CP011416.1	4360001	4365000	2
NZ_CP011416.1	4365001	4370000	2
NZ_CP011416.1	4370001	4375000	2
NZ_CP011416.1	4375001	4380000	3
NZ_CP011416.1	4380001	4385000	2
NZ_CP011416.1	4385001	4390000	2
NZ_CP011416.1	4390001	4395000	3
NZ_CP011416.1	4395001	4400000	3
NZ_CP011416.1	4400001	4405000	2
NZ_CP011416.1	4405001	4410000	2
NZ_CP011416.1	4410001	4415000	2
NZ_CP011416.1	4415001	4420000	1
NZ_CP011416.1	4420001	4425000	2
NZ_CP011416.1	4425001	4430000	2
NZ_CP011416.1	4430001	4435000	2
NZ_CP011416.1	4435001	4440000	2
NZ_CP011416.1	4440001	4445000	3
NZ_CP011416.1	4445001	4450000	3
NZ_CP011416.1	4450001	4455000	1
NZ_CP011416.1	4455001	4460000	0
NZ_CP011416.1	4460001	4465000	0
NZ_CP011416.1	4465001	4470000	1
NZ_CP011416.1	4470001	4475000	0
NZ_CP011416.1	4475001	4480000	1
NZ_CP011416.1	4480001	4485000	2
NZ_CP011416.1	4485001	4490000	0
NZ_CP011416.1	4490001	4495000	0
NZ_CP011416.1	4495001	4500000	0
NZ_CP011416.1	4500001	4505000	0
NZ_CP011416.1	4505001	4510000	0
NZ_CP011416.1	4510001	4515000	0
NZ_CP011416.1	4515001	4520000	0
NZ_CP011416.1	4520001	4525000	1
NZ_CP011416.1	4525001	4530000	1
NZ_CP011416.1	4530001	4535000	1
NZ_CP011416.1	4535001	4540000	2
NZ_CP011416.1	4540001	4545000	1
NZ_CP011416.1	4545001	4550000	2
NZ_CP011416.1	4550001	4555000	2
NZ_CP011416.1	4555001	4560000	1
NZ_CP011416.1	4560001	4565000	2
NZ_CP011416.1	4565001	4570000	1
NZ_CP011416.1	4570001	4575000	0
NZ_CP011416.1	4575001	4580000	0
NZ_CP011416.1	4580001	4585000	0
NZ_CP011416.1	4585001	4590000	1
NZ_CP011416.1	4590001	4595000	1
NZ_CP011416.1	4595001	4600000	1
NZ_CP011416.1	4600001	4605000	4
NZ_CP011416.1	4605001	4610000	2
NZ_CP011416.1	4610001	4615000	2
NZ_CP011416.1	4615001	4620000	2
NZ_CP011416.1	4620001	4625000	1
NZ_CP011416.1	4625001	4630000	1
NZ_CP011416.1	4630001	4635000	1
NZ_CP011416.1	4635001	4640000	0
NZ_CP011416.1	4640001	4645000	1
NZ_CP011416.1	4645001	4650000	3
NZ_CP011416.1	4650001	4655000	3
NZ_CP011416.1	4655001	4660000	2
NZ_CP011416.1	4660001	4665000	2
NZ_CP011416.1	4665001	4670000	1
NZ_CP011416.1	4670001	4675000	1
NZ_CP011416.1	4675001	4680000	1
NZ_CP011416.1	4680001	4685000	2
NZ_CP011416.1	4685001	4690000	3
NZ_CP011416.1	4690001	4695000	0
NZ_CP011416.1	4695001	4700000	1
NZ_CP011416.1	4700001	4705000	1
NZ_CP011416.1	4705001	4710000	0
NZ_CP011416.1	4710001	4715000	0
NZ_CP011416.1	4715001	4720000	0
NZ_CP011416.1	4720001	4725000	1
NZ_CP011416.1	4725001	4730000	1
NZ_CP011416.1	4730001	4735000	2
NZ_CP011416.1	4735001	4740000	1
NZ_CP011416.1	4740001	4745000	2
NZ_CP011416.1	4745001	4750000	2
NZ_CP011416.1	4750001	4755000	2
NZ_CP011416.1	4755001	4760000	2
NZ_CP011416.1	4760001	4765000	2
NZ_CP011416.1	4765001	4770000	3
NZ_CP011416.1	4770001	4775000	2
NZ_CP011416.1	4775001	4780000	2
NZ_CP011416.1	4780001	4785000	2
NZ_CP011416.1	4785001	4790000	3
NZ_CP011416.1	4790001	4795000	2
NZ_CP011416.1	4795001	4800000	2
NZ_CP011416.1	4800001	4805000	2
NZ_CP011416.1	4805001	4810000	1
NZ_CP011416.1	4810001	4815000	2
NZ_CP011416.1	4815001	4820000	1
NZ_CP011416.1	4820001	4825000	1
NZ_CP011416.1	4825001	4830000	0
NZ_CP011416.1	4830001	4835000	2
NZ_CP011416.1	4835001	4840000	2
NZ_CP011416.1	4840001	4845000	1
NZ_CP011416.1	4845001	4850000	2
NZ_CP011416.1	4850001	4855000	2
NZ_CP011416.1	4855001	4860000	3
NZ_CP011416.1	4860001	4865000	2
NZ_CP011416.1	4865001	4870000	3
NZ_CP011416.1	4870001	4875000	0
NZ_CP011416.1	4875001	4880000	2
NZ_CP011416.1	4880001	4885000	2
NZ_CP011416.1	4885001	4890000	1
NZ_CP011416.1	4890001	4895000	2
NZ_CP011416.1	4895001	4900000	3
NZ_CP011416.1	4900001	4905000	3
NZ_CP011416.1	4905001	4910000	2
NZ_CP011416.1	4910001	4915000	2
NZ_CP011416.1	4915001	4920000	1
NZ_CP011416.1	4920001	4925000	0
NZ_CP011416.1	4925001	4930000	2
NZ_CP011416.1	4930001	4935000	0
NZ_CP011416.1	4935001	4940000	3
NZ_CP011416.1	4940001	4945000	1
NZ_CP011416.1	4945001	4950000	0
